Vertices:
1 => (1,1)
2 => (1,2)
3 => (1,3)
4 => (1,4)
5 => (1,5)
6 => (1,6)
7 => (1,7)
8 => (2,1)
9 => (2,2)
10 => (2,3)
11 => (2,4)
12 => (2,5)
13 => (2,6)
14 => (2,7)
15 => (3,1)
16 => (3,2)
17 => (3,3)
18 => (3,4)
19 => (3,5)
20 => (3,6)
21 => (3,7)
22 => (4,1)
23 => (4,2)
24 => (4,3)
25 => (4,4)
26 => (4,5)
27 => (4,6)
28 => (4,7)
29 => (5,1)
30 => (5,2)
31 => (5,3)
32 => (5,4)
33 => (5,5)
34 => (5,6)
35 => (5,7)
36 => (6,1)
37 => (6,2)
38 => (6,3)
39 => (6,4)
40 => (6,5)
41 => (6,6)
42 => (6,7)
43 => (7,1)
44 => (7,2)
45 => (7,3)
46 => (7,4)
47 => (7,5)
48 => (7,6)
49 => (7,7)
EDGES:
1 41
1 37
1 40
1 13
1 9
1 12
1 34
1 30
1 33
1 41
1 37
1 40
1 13
1 9
1 12
1 34
1 30
1 33
1 41
1 37
1 40
1 13
1 9
1 12
1 34
1 30
1 33
1 41
1 37
1 40
1 13
1 9
1 12
1 34
1 30
1 33
2 36
2 38
2 8
2 10
2 29
2 31
2 36
2 38
2 8
2 10
2 29
2 31
3 37
3 39
3 42
3 9
3 11
3 14
3 30
3 32
3 35
3 37
3 39
3 42
3 9
3 11
3 14
3 30
3 32
3 35
3 37
3 39
3 42
3 9
3 11
3 14
3 30
3 32
3 35
3 37
3 39
3 42
3 9
3 11
3 14
3 30
3 32
3 35
4 38
4 10
4 31
5 36
5 42
5 8
5 14
5 29
5 35
5 36
5 42
5 8
5 14
5 29
5 35
6 36
6 8
6 29
7 38
7 40
7 10
7 12
7 31
7 33
7 38
7 40
7 10
7 12
7 31
7 33
8 6
8 2
8 5
8 20
8 16
8 19
8 6
8 2
8 5
8 20
8 16
8 19
8 6
8 2
8 5
8 20
8 16
8 19
8 6
8 2
8 5
8 20
8 16
8 19
8 6
8 2
8 5
8 20
8 16
8 19
8 6
8 2
8 5
8 20
8 16
8 19
8 6
8 2
8 5
8 20
8 16
8 19
8 6
8 2
8 5
8 20
8 16
8 19
9 1
9 3
9 15
9 17
9 1
9 3
9 15
9 17
10 2
10 4
10 7
10 16
10 18
10 21
10 2
10 4
10 7
10 16
10 18
10 21
10 2
10 4
10 7
10 16
10 18
10 21
10 2
10 4
10 7
10 16
10 18
10 21
10 2
10 4
10 7
10 16
10 18
10 21
10 2
10 4
10 7
10 16
10 18
10 21
10 2
10 4
10 7
10 16
10 18
10 21
10 2
10 4
10 7
10 16
10 18
10 21
11 3
11 17
12 1
12 7
12 15
12 21
13 1
13 15
14 3
14 5
14 17
14 19
15 13
15 9
15 12
15 27
15 23
15 26
15 48
15 44
15 47
16 8
16 10
16 22
16 24
16 43
16 45
16 8
16 10
16 22
16 24
16 43
16 45
16 8
16 10
16 22
16 24
16 43
16 45
16 8
16 10
16 22
16 24
16 43
16 45
16 8
16 10
16 22
16 24
16 43
16 45
16 8
16 10
16 22
16 24
16 43
16 45
16 8
16 10
16 22
16 24
16 43
16 45
16 8
16 10
16 22
16 24
16 43
16 45
16 8
16 10
16 22
16 24
16 43
16 45
16 8
16 10
16 22
16 24
16 43
16 45
16 8
16 10
16 22
16 24
16 43
16 45
16 8
16 10
16 22
16 24
16 43
16 45
16 8
16 10
16 22
16 24
16 43
16 45
16 8
16 10
16 22
16 24
16 43
16 45
16 8
16 10
16 22
16 24
16 43
16 45
16 8
16 10
16 22
16 24
16 43
16 45
16 8
16 10
16 22
16 24
16 43
16 45
16 8
16 10
16 22
16 24
16 43
16 45
16 8
16 10
16 22
16 24
16 43
16 45
16 8
16 10
16 22
16 24
16 43
16 45
16 8
16 10
16 22
16 24
16 43
16 45
16 8
16 10
16 22
16 24
16 43
16 45
16 8
16 10
16 22
16 24
16 43
16 45
16 8
16 10
16 22
16 24
16 43
16 45
16 8
16 10
16 22
16 24
16 43
16 45
16 8
16 10
16 22
16 24
16 43
16 45
16 8
16 10
16 22
16 24
16 43
16 45
16 8
16 10
16 22
16 24
16 43
16 45
16 8
16 10
16 22
16 24
16 43
16 45
16 8
16 10
16 22
16 24
16 43
16 45
17 9
17 11
17 14
17 23
17 25
17 28
17 44
17 46
17 49
18 10
18 24
18 45
18 10
18 24
18 45
18 10
18 24
18 45
18 10
18 24
18 45
18 10
18 24
18 45
18 10
18 24
18 45
18 10
18 24
18 45
18 10
18 24
18 45
18 10
18 24
18 45
18 10
18 24
18 45
18 10
18 24
18 45
18 10
18 24
18 45
18 10
18 24
18 45
18 10
18 24
18 45
18 10
18 24
18 45
19 8
19 14
19 22
19 28
19 43
19 49
19 8
19 14
19 22
19 28
19 43
19 49
19 8
19 14
19 22
19 28
19 43
19 49
19 8
19 14
19 22
19 28
19 43
19 49
20 8
20 22
20 43
20 8
20 22
20 43
20 8
20 22
20 43
20 8
20 22
20 43
20 8
20 22
20 43
20 8
20 22
20 43
20 8
20 22
20 43
20 8
20 22
20 43
20 8
20 22
20 43
20 8
20 22
20 43
20 8
20 22
20 43
20 8
20 22
20 43
20 8
20 22
20 43
20 8
20 22
20 43
20 8
20 22
20 43
21 10
21 12
21 24
21 26
21 45
21 47
21 10
21 12
21 24
21 26
21 45
21 47
21 10
21 12
21 24
21 26
21 45
21 47
21 10
21 12
21 24
21 26
21 45
21 47
22 20
22 16
22 19
22 20
22 16
22 19
22 20
22 16
22 19
22 20
22 16
22 19
23 15
23 17
23 15
23 17
24 16
24 18
24 21
24 16
24 18
24 21
24 16
24 18
24 21
24 16
24 18
24 21
25 17
26 15
26 21
27 15
28 17
28 19
29 6
29 2
29 5
29 48
29 44
29 47
30 1
30 3
30 43
30 45
30 1
30 3
30 43
30 45
30 1
30 3
30 43
30 45
30 1
30 3
30 43
30 45
30 1
30 3
30 43
30 45
30 1
30 3
30 43
30 45
30 1
30 3
30 43
30 45
30 1
30 3
30 43
30 45
31 2
31 4
31 7
31 44
31 46
31 49
32 3
32 45
32 3
32 45
32 3
32 45
32 3
32 45
33 1
33 7
33 43
33 49
33 1
33 7
33 43
33 49
33 1
33 7
33 43
33 49
33 1
33 7
33 43
33 49
33 1
33 7
33 43
33 49
33 1
33 7
33 43
33 49
33 1
33 7
33 43
33 49
33 1
33 7
33 43
33 49
34 1
34 43
34 1
34 43
34 1
34 43
34 1
34 43
35 3
35 5
35 45
35 47
35 3
35 5
35 45
35 47
35 3
35 5
35 45
35 47
35 3
35 5
35 45
35 47
36 6
36 2
36 5
36 6
36 2
36 5
36 6
36 2
36 5
36 6
36 2
36 5
36 6
36 2
36 5
37 1
37 3
37 1
37 3
37 1
37 3
37 1
37 3
37 1
37 3
37 1
37 3
37 1
37 3
37 1
37 3
38 2
38 4
38 7
38 2
38 4
38 7
38 2
38 4
38 7
38 2
38 4
38 7
38 2
38 4
38 7
39 3
39 3
39 3
39 3
40 1
40 7
40 1
40 7
40 1
40 7
40 1
40 7
40 1
40 7
40 1
40 7
41 1
41 1
41 1
41 1
42 3
42 5
42 3
42 5
42 3
42 5
42 3
42 5
42 3
42 5
42 3
42 5
43 20
43 16
43 19
43 34
43 30
43 33
43 20
43 16
43 19
43 34
43 30
43 33
43 20
43 16
43 19
43 34
43 30
43 33
43 20
43 16
43 19
43 34
43 30
43 33
43 20
43 16
43 19
43 34
43 30
43 33
43 20
43 16
43 19
43 34
43 30
43 33
43 20
43 16
43 19
43 34
43 30
43 33
43 20
43 16
43 19
43 34
43 30
43 33
43 20
43 16
43 19
43 34
43 30
43 33
43 20
43 16
43 19
43 34
43 30
43 33
43 20
43 16
43 19
43 34
43 30
43 33
43 20
43 16
43 19
43 34
43 30
43 33
43 20
43 16
43 19
43 34
43 30
43 33
43 20
43 16
43 19
43 34
43 30
43 33
43 20
43 16
43 19
43 34
43 30
43 33
43 20
43 16
43 19
43 34
43 30
43 33
43 20
43 16
43 19
43 34
43 30
43 33
43 20
43 16
43 19
43 34
43 30
43 33
43 20
43 16
43 19
43 34
43 30
43 33
43 20
43 16
43 19
43 34
43 30
43 33
43 20
43 16
43 19
43 34
43 30
43 33
43 20
43 16
43 19
43 34
43 30
43 33
43 20
43 16
43 19
43 34
43 30
43 33
43 20
43 16
43 19
43 34
43 30
43 33
44 15
44 17
44 29
44 31
45 16
45 18
45 21
45 30
45 32
45 35
45 16
45 18
45 21
45 30
45 32
45 35
45 16
45 18
45 21
45 30
45 32
45 35
45 16
45 18
45 21
45 30
45 32
45 35
45 16
45 18
45 21
45 30
45 32
45 35
45 16
45 18
45 21
45 30
45 32
45 35
45 16
45 18
45 21
45 30
45 32
45 35
45 16
45 18
45 21
45 30
45 32
45 35
45 16
45 18
45 21
45 30
45 32
45 35
45 16
45 18
45 21
45 30
45 32
45 35
45 16
45 18
45 21
45 30
45 32
45 35
45 16
45 18
45 21
45 30
45 32
45 35
45 16
45 18
45 21
45 30
45 32
45 35
46 17
46 31
46 17
46 31
47 15
47 21
47 29
47 35
47 15
47 21
47 29
47 35
48 15
48 29
48 15
48 29
49 17
49 19
49 31
49 33
49 17
49 19
49 31
49 33
